62.717
0.012
0.012
0.021
0.019
0.021
0.025
0.088
0.038
0.077
0.064
0.061
0.061
0.087
0.089
0.111
0.114
0.125
0.131
0.137
0.215
0.18
0.181
0.197
0.216
0.502
0.243
0.279
0.294
0.312
0.472
4.545
0.633
0.482
0.514
0.513
0.47
0.613
0.697
0.793
0.881
0.783
0.78
0.903
0.876
0.786
2.002
1.211
1.254
1.002
1.028
1.124
1.185
1.384
1.92
1.505
1.286
1.302
1.56
1.326
2.545
2.196
2.257
1.717
1.751
1.919
1.778
3.299
1.941
2.463
2.318
2.16
2.22
2.082
2.881
3.865
2.806
2.473
2.622
5.177
3.563
3.503
3.244
7.683
6.827
6.892
4.095
4.269
7.306
4.854
7.96
6.123
5.029
12.406
13.048
4.871
7.313
4.927
7.603
5.557
4.809
18.583
7.276
13.846
6.607
5.335
8.403
5.968
9.768
6.819
7.296
8.644
7.304
9.468
9.622
8.709
7.055
17.459
16.325
10.517
13.791
8.888
12.104
15.236
12.943
15.668
14.764
15.291
12.309
17.418
12.274
13.594
11.756
15.312
14.055
12.842
18.26
13.384
11.195
19.915
13.534
15.575
14.387
13.253
14.038
16.598
17.084
29.148
24.047
20.041
13.393
22.742
17.409
18.393
17.308
16.18
25.864
22.582
18.317
21.688
26.082
25.684
28.408
29.326
31.338
43.683
21.737
33.475
25.219
25.956
32.8
41.948
51.851
22.007
46.652
44.624
25.125
23.553
22.682
25.952
31.647
27.215
29.978
32.302
23.796
29.187
29.47
25.232
25.335
37.281
32.853
41.49
26.072
32.516
30.771
29.822
38.057
28.905
28.534
30.109
29.803
33.627
43.13
35.096
39.79
31.898
28.406
39.367
44.534
42.753
43.928
33.802
41.255
37.68
37.206
39.647
37.254
50.433
46.332
49.688
41.938
44.46
43.575
57.031
43.862
55.468
49.976
62.319
49.486
47.362
45.765
43.206
70.494
49.258
43.143
49.256
51.924
46.066
54.32
70.588
54.68
52.595
62.734
54.956
74.701
50.746
68.393
73.091
61.937
66.042
72.823
66.8
63.951
90.44
76.901
89.159
87.701
82.959
65.583
63.795
84.641
67.623
90.403
68.999
85.63
69.922
105.575
73.292
83.165
71.931
94.742
75.724
78.426
67.797
77.655
72.697
82.386
88.986
80.85
96.419
93.089
80.597
94.773
72.338
112.6
112.806
122.706
107.392
152.844
113.566
77.453
115.848
126.01
85.548
105.536
98.226
91.262
92.592
193.502
120.551
109.591
187.196
118.42
131.744
128.497
219.694
197.307
141.024
112.503
119.311
202.971
169.848
137.521
135.19
117.091
124.108
129.009
105.063
124.176
147.914
147.432
131.494
112.226
119.203
128.462
124.811
147.334
163.087
137.691
129.103
141.585
161.678
162.586
165.21
132.83
179.173
192.652
161.814
179.869
133.052
174.072
141.196
148.19
171.131
165.832
146.984
168.804
138.061
150.68
174.866
175.946
179.27
175.749
181.72
166.886
177.774
165.591
219.773
180.34
184.683
197.372
215.326
193.718
197.008
228.114
181.839
235.827
234.642
198.666
182.729
227.332
252.423
199.063
202.659
212.128
222.661
206.113
194.43
187.545
231.134
247.858
270.997
194.792
207.613
241.15
199.899
210.179
233.921
320.856
273.689
275.732
241.963
236.557
230.416
211.522
225.771
268.086
268.751
248.283
245.569
324.289
271.338
260.578
291.424
265.426
262.161
302.813
258.779
289.709
297.223
298.907
241.015
265.592
264.625
277.847
316.309
262.908
327.291
376.627
271.166
266.817
250.76
369.59
274.359
301.322
360.829
422.952
412.893
408.629
350.986
412.361
425.739
325.214
405.253
365.874
313.987
367.254
400.505
327.972
372.22
350.615
344.853
321.572
381.362
441.12
341.408
381.73
311.058
327.388
443.681
355.821
350.005
449.133
367.62
416.479
388.579
440.203
412.053
350.885
357.125
380.463
420.313
430.003
383.566
411.011
450.14
420.9
407.384
372.019
357.034
404.577
441.982
405.848
446.669
469.233
365.849
429.414
478.286
451.356
442.374
503.426
443.742
481.458
438.771
425.987
540.807
538.514
502.431
521.474
532.535
477.235
471.929
483.603
504.455
522.976
553.696
456.088
475.132
--------------------------------------2
3
4
5
6
7
8
9
10
11
12
13
14
15
16
17
18
19
20
21
22
23
24
25
26
27
28
29
30
31
32
33
34
35
36
37
38
39
40
41
42
43
44
45
46
47
48
49
50
51
52
53
54
55
56
57
58
59
60
61
62
63
64
65
66
67
68
69
70
71
72
73
74
75
76
77
78
79
80
81
82
83
84
85
86
87
88
89
90
91
92
93
94
95
96
97
98
99
100
101
102
103
104
105
106
107
108
109
110
111
112
113
114
115
116
117
118
119
120
121
122
123
124
125
126
127
128
129
130
131
132
133
134
135
136
137
138
139
140
141
142
143
144
145
146
147
148
149
150
151
152
153
154
155
156
157
158
159
160
161
162
163
164
165
166
167
168
169
170
171
172
173
174
175
176
177
178
179
180
181
182
183
184
185
186
187
188
189
190
191
192
193
194
195
196
197
198
199
200
201
202
203
204
205
206
207
208
209
210
211
212
213
214
215
216
217
218
219
220
221
222
223
224
225
226
227
228
229
230
231
232
233
234
235
236
237
238
239
240
241
242
243
244
245
246
247
248
249
250
251
252
253
254
255
256
257
258
259
260
261
262
263
264
265
266
267
268
269
270
271
272
273
274
275
276
277
278
279
280
281
282
283
284
285
286
287
288
289
290
291
292
293
294
295
296
297
298
299
300
301
302
303
304
305
306
307
308
309
310
311
312
313
314
315
316
317
318
319
320
321
322
323
324
325
326
327
328
329
330
331
332
333
334
335
336
337
338
339
340
341
342
343
344
345
346
347
348
349
350
351
352
353
354
355
356
357
358
359
360
361
362
363
364
365
366
367
368
369
370
371
372
373
374
375
376
377
378
379
380
381
382
383
384
385
386
387
388
389
390
391
392
393
394
395
396
397
398
399
400
401
402
403
404
405
406
407
408
409
410
411
412
413
414
415
416
417
418
419
420
421
422
423
424
425
426
427
428
429
430
431
432
433
434
435
436
437
438
439
440
441
442
443
444
445
446
447
448
449
450
451
452
453
454
455
456
457
458
459
460
461
462
463
464
465
466
467
468
469
470
471
472
473
474
475
476
477
478
479
480
481
482
483
484
485
486
487
488
489
490
491
492
493
494
495
496
497
498
499
