2.397
0.016
0.012
0.013
0.024
0.021
0.033
0.03
0.032
0.046
0.044
0.059
0.067
0.084
0.084
0.086
0.109
0.122
0.119
0.144
0.15
0.149
0.22
0.201
0.221
0.224
0.3
0.291
0.287
0.459
0.363
0.401
0.444
0.57
0.508
0.44
0.45
0.544
0.564
0.576
0.599
2.226
0.708
0.777
0.803
1.01
1.071
0.883
1.259
1.194
1.167
1.13
1.029
1.148
1.078
3.458
1.372
1.369
1.603
1.905
1.971
1.499
1.488
1.817
3.471
2.029
2.578
2.357
2.21
2.175
2.396
2.937
3.355
2.517
2.391
2.381
4.835
3.085
2.781
2.729
2.735
7.203
3.501
4.161
5.228
4.511
3.334
3.196
4.998
4.856
4.167
4.287
6.812
4.152
4.499
4.867
4.397
4.852
5.826
5.201
4.805
8.202
5.538
6.141
7.297
5.117
5.292
6.285
6.216
6.647
6.439
6.785
7.892
6.401
6.642
6.982
6.291
8.735
6.842
9.579
7.979
9.779
11.037
8.422
13.279
13.657
8.198
10.564
10.287
9.677
10.931
12.803
10.153
11.081
13.798
10.867
13.442
12.336
13.27
11.035
12.839
12.218
14.016
11.198
13.654
14.149
15.582
16.093
19.131
17.571
16.056
15.787
15.497
13.486
15.481
15.504
16.784
16.957
20.218
17.091
19.927
18.706
18.82
21.467
18.996
20.531
19.378
40.466
42.685
43.407
35.837
21.707
29.528
33.257
31.711
36.371
33.599
42.91
27.595
28.058
31.373
27.815
36.526
24.612
25.238
26.195
40.877
24.428
25.387
24.029
28.337
26.352
28.774
34.522
30.644
32.066
33.075
33.295
35.68
32.168
32.032
31.644
33.359
39.724
31.916
29.552
37.163
45.903
44.459
75.664
45.716
93.941
44.464
40.109
54.952
45.503
37.857
38.296
45.169
44.469
41.883
47.6
45.965
44.714
52.446
53.422
96.588
71.805
54.756
65.233
67.739
91.697
79.833
60.914
50.961
58.46
64.685
49.747
55.876
60.898
54.931
51.643
56.52
65.733
48.564
54.268
53.575
64.442
60.789
62.248
58.783
53.428
67.755
65.561
65.262
67.513
71.275
69.495
66.024
79.608
63.155
91.469
72.486
94.105
72.062
72.146
82.341
82.501
70.184
88.21
82.184
81.976
84.107
98.284
68.352
92.555
90.881
78.2
85.103
104.18
90.108
93.277
87.666
99.16
91.399
87.171
99.926
90.987
89.198
96.348
98.06
111.397
89.086
83.122
96.561
112.363
99.433
112.175
97.208
102.099
119.34
107.903
114.019
137.447
109.172
127.359
101.659
102.711
213.236
133.795
312.791
184.175
128.793
149.115
123.775
138.473
128.866
113.629
129.553
131.529
127.929
137.492
123.913
155.937
131.137
134.566
213.089
188.559
243.254
199.053
190.302
150.191
165.202
180.597
155.939
143.303
150.339
128.421
136.498
132.697
172.096
156.733
158.305
163.267
170.617
140.987
133.781
173.056
203.837
178.213
171.653
162.057
173.27
197.682
184.106
156.393
156.72
179.961
263.182
311.679
191.597
232.404
193.945
195.63
189.714
177.399
178.388
196.484
197.042
227.638
232.865
204.853
230.209
292.137
223.678
230.979
203.347
257.576
316.037
301.912
232.027
213.682
221.123
264.626
203.18
217.513
247.467
228.644
209.992
232.522
231.091
248.609
228.018
493.93
269.055
260.986
310.346
256.626
258.011
277.774
261.278
284.305
249.236
294.39
418.285
349.784
399.808
319.117
358.861
535.075
459.196
327.675
270.13
269.996
300.494
293.566
298.019
309.143
389.254
301.276
343.339
459.695
348.839
445.093
302.593
318.864
312.825
440.686
325.625
322.59
332.748
255.781
375.982
314.138
272.946
395.861
297.338
319.602
292.491
375.664
358.896
337.295
366.84
336.805
357.237
385.844
320.663
439.71
361.706
356.368
329.321
315.46
368.893
364.618
399.132
592.833
441.423
398.483
385.26
395.346
502.961
401.404
390.715
460.997
612.135
478.909
554.213
439.81
421.975
427.302
403.797
392.523
399.139
485.529
381.767
422.347
402.221
479.502
557.288
519.8
502.682
510.304
583.536
469.467
600.432
529.043
501.035
526.487
447.581
492.552
587.907
440.474
463.374
691.054
509.251
456.579
424.561
459.378
--------------------------------------
16
36
64
100
144
196
256
324
400
484
576
676
784
900
1024
1156
1296
1444
1600
1764
1936
2116
2304
2500
2704
2916
3136
3364
3600
3844
4096
4356
4624
4900
5184
5476
5776
6084
6400
6724
7056
7396
7744
8100
8464
8836
9216
9604
10000
10404
10816
11236
11664
12100
12544
12996
13456
13924
14400
14884
15376
15876
16384
16900
17424
17956
18496
19044
19600
20164
20736
21316
21904
22500
23104
23716
24336
24964
25600
26244
26896
27556
28224
28900
29584
30276
30976
31684
32400
33124
33856
34596
35344
36100
36864
37636
38416
39204
40000
40804
41616
42436
43264
44100
44944
45796
46656
47524
48400
49284
50176
51076
51984
52900
53824
54756
55696
56644
57600
58564
59536
60516
61504
62500
63504
64516
65536
66564
67600
68644
69696
70756
71824
72900
73984
75076
76176
77284
78400
79524
80656
81796
82944
84100
85264
86436
87616
88804
90000
91204
92416
93636
94864
96100
97344
98596
99856
101124
102400
103684
104976
106276
107584
108900
110224
111556
112896
114244
115600
116964
118336
119716
121104
122500
123904
125316
126736
128164
129600
131044
132496
133956
135424
136900
138384
139876
141376
142884
144400
145924
147456
148996
150544
152100
153664
155236
156816
158404
160000
161604
163216
164836
166464
168100
169744
171396
173056
174724
176400
178084
179776
181476
183184
184900
186624
188356
190096
191844
193600
195364
197136
198916
200704
202500
204304
206116
207936
209764
211600
213444
215296
217156
219024
220900
222784
224676
226576
228484
230400
232324
234256
236196
238144
240100
242064
244036
246016
248004
250000
252004
254016
256036
258064
260100
262144
264196
266256
268324
270400
272484
274576
276676
278784
280900
283024
285156
287296
289444
291600
293764
295936
298116
300304
302500
304704
306916
309136
311364
313600
315844
318096
320356
322624
324900
327184
329476
331776
334084
336400
338724
341056
343396
345744
348100
350464
352836
355216
357604
360000
362404
364816
367236
369664
372100
374544
376996
379456
381924
384400
386884
389376
391876
394384
396900
399424
401956
404496
407044
409600
412164
414736
417316
419904
422500
425104
427716
430336
432964
435600
438244
440896
443556
446224
448900
451584
454276
456976
459684
462400
465124
467856
470596
473344
476100
478864
481636
484416
487204
490000
492804
495616
498436
501264
504100
506944
509796
512656
515524
518400
521284
524176
527076
529984
532900
535824
538756
541696
544644
547600
550564
553536
556516
559504
562500
565504
568516
571536
574564
577600
580644
583696
586756
589824
592900
595984
599076
602176
605284
608400
611524
614656
617796
620944
624100
627264
630436
633616
636804
640000
643204
646416
649636
652864
656100
659344
662596
665856
669124
672400
675684
678976
682276
685584
688900
692224
695556
698896
702244
705600
708964
712336
715716
719104
722500
725904
729316
732736
736164
739600
743044
746496
749956
753424
756900
760384
763876
767376
770884
774400
777924
781456
784996
788544
792100
795664
799236
802816
806404
810000
813604
817216
820836
824464
828100
831744
835396
839056
842724
846400
850084
853776
857476
861184
864900
868624
872356
876096
879844
883600
887364
891136
894916
898704
902500
906304
910116
913936
917764
921600
925444
929296
933156
937024
940900
944784
948676
952576
956484
960400
964324
968256
972196
976144
980100
984064
988036
992016
996004
